Lớp               Precision   Recall      F1   Hỗ trợ
-----------------------------------------------------
Không có tiền         1.000    1.000   1.000       20
1.000 đ               1.000    1.000   1.000       27
2.000 đ               1.000    1.000   1.000       20
5.000 đ               1.000    1.000   1.000       17
10.000 đ              1.000    0.964   0.982       28
20.000 đ              1.000    1.000   1.000       12
50.000 đ              1.000    1.000   1.000       20
100.000 đ             0.970    1.000   0.985       32
200.000 đ             1.000    1.000   1.000       13
500.000 đ             1.000    1.000   1.000       14
-----------------------------------------------------
Accuracy                               0.995      203
Macro avg             0.997    0.996   0.997      203